LINUX_MONOTONIC: 1561736.291286241
REALTIME: 2024-02-23 15:48:57.289062
78